+----------------------+------------+------------------+--------------+--------------+-----------+
|   Tamanho da Entrada |   Iteracao | Cidade Inicial   |   Heuristica |   Explorados |   Gerados |
+======================+============+==================+==============+==============+===========+
|                    7 |          1 | (0.0, 0.0)       |            1 |          459 |       941 |
+----------------------+------------+------------------+--------------+--------------+-----------+
|                    7 |          2 | (1.0, 2.0)       |            1 |          557 |      1115 |
+----------------------+------------+------------------+--------------+--------------+-----------+
|                    7 |          3 | (2.0, 0.0)       |            1 |          240 |       560 |
+----------------------+------------+------------------+--------------+--------------+-----------+
|                    7 |          4 | (0.0, 2.0)       |            1 |          346 |       736 |
+----------------------+------------+------------------+--------------+--------------+-----------+
|                    7 |          5 | (1.0, 1.0)       |            1 |          573 |      1148 |
+----------------------+------------+------------------+--------------+--------------+-----------+
|                    7 |          6 | (1.0, 3.0)       |            1 |          307 |       679 |
+----------------------+------------+------------------+--------------+--------------+-----------+
|                    7 |          7 | (3.0, 2.0)       |            1 |          283 |       652 |
+----------------------+------------+------------------+--------------+--------------+-----------+
