+----------------------+------------+------------------+--------------+--------------+-----------+
|   Tamanho da Entrada |   Iteracao | Cidade Inicial   |   Heuristica |   Explorados |   Gerados |
+======================+============+==================+==============+==============+===========+
|                    7 |          1 | (0.0, 0.0)       |            1 |          459 |       941 |
+----------------------+------------+------------------+--------------+--------------+-----------+
|                    7 |          2 | (1.0, 2.0)       |            1 |          557 |      1115 |
+----------------------+------------+------------------+--------------+--------------+-----------+
|                    7 |          3 | (2.0, 0.0)       |            1 |          240 |       560 |
+----------------------+------------+------------------+--------------+--------------+-----------+
|                    7 |          4 | (0.0, 2.0)       |            1 |          349 |       742 |
+----------------------+------------+------------------+--------------+--------------+-----------+
|                    7 |          5 | (1.0, 1.0)       |            1 |          576 |      1154 |
+----------------------+------------+------------------+--------------+--------------+-----------+
|                    7 |          6 | (1.0, 3.0)       |            1 |          307 |       679 |
+----------------------+------------+------------------+--------------+--------------+-----------+
|                    7 |          7 | (3.0, 2.0)       |            1 |          285 |       656 |
+----------------------+------------+------------------+--------------+--------------+-----------+
|                    7 |          1 | (0.0, 0.0)       |            2 |         1001 |      1851 |
+----------------------+------------+------------------+--------------+--------------+-----------+
|                    7 |          2 | (1.0, 2.0)       |            2 |          732 |      1391 |
+----------------------+------------+------------------+--------------+--------------+-----------+
|                    7 |          3 | (2.0, 0.0)       |            2 |         1125 |      2032 |
+----------------------+------------+------------------+--------------+--------------+-----------+
|                    7 |          4 | (0.0, 2.0)       |            2 |          794 |      1494 |
+----------------------+------------+------------------+--------------+--------------+-----------+
|                    7 |          5 | (1.0, 1.0)       |            2 |          947 |      1746 |
+----------------------+------------+------------------+--------------+--------------+-----------+
|                    7 |          6 | (1.0, 3.0)       |            2 |         1123 |      2039 |
+----------------------+------------+------------------+--------------+--------------+-----------+
|                    7 |          7 | (3.0, 2.0)       |            2 |         1656 |      2988 |
+----------------------+------------+------------------+--------------+--------------+-----------+
